
270bd44b-cd73-4c59-aa3f-b28fdf0848bb,7,0.600629,VEHICLE,CAR,-2.37162,3.01669,-1.28199,4.54938,2.0504,1.67474,0.0485371,0.936523,0,0


-2.38125 3.02922 -1.28711 4.64659 2.0852 1.75849 0.0491714 0.936523 0

###################################################################################################################
[I][05/10][11:47:43.258][26683] detect nums : 8
[I][05/10][11:47:43.258][26683] frame_token : 1642644394.999754

vehicle_to_global ： 
    0000.882716 0000.469871 00.00578677 00008.10808
    00-0.469892 0000.882718 00.00319101 000015.1579
    -0.00360873 -0.00553592 0000.999978 00-0.612023
    00000000000 00000000000 00000000000 00000000001
m_transform_lidar_to_vehicle_ ： 
    00.017512 -0.999714 -0.016306 -0.027324
    00.999541 00.017908 -0.024445 001.17068
    000.02473 -0.015871 000.99568 001.46557
    000000000 000000000 000000000 000000001
lidar_to_global ： 
    000.485256 0-0.874141 -0.0201178 0008.64251
    000.874163 000.485515 -0.0107388 00016.2088
    00.0191329 -0.0123621 000.995852 000.847134
    0000000000 0000000000 0000000000 0000000001


local_box=-1.03687,3.02367,-1.35938,4.53895,2.04786,1.72195,0.0288057,
world_box=5.52359,16.785,-0.56382,4.53895,2.04786,1.72195,-1.03523

-1.03687 3.02367 -1.35938 4.53895 2.04786 1.72195 0.0288057 0.894531 0
270bd44b-cd73-4c59-aa3f-b28fdf0848bb,5,0.400419,VEHICLE,CAR,-0.96166,3.02665,-1.30837,4.54839,2.05,1.67364,0.0296078,0.894531,0,0

###################################################################################################################
frame_token : 1642644395.099856
    0000.882716 0000.469871 00.00578677 00008.10808
    00-0.469892 0000.882718 00.00319101 000015.1579
    -0.00360873 -0.00553592 0000.999978 00-0.612023
    00000000000 00000000000 00000000000 00000000001
m_transform_lidar_to_vehicle_ ： 
    00.017512 -0.999714 -0.016306 -0.027324
    00.999541 00.017908 -0.024445 001.17068
    000.02473 -0.015871 000.99568 001.46557
    000000000 000000000 000000000 000000001
lidar_to_global ： 
    000.485256 0-0.874141 -0.0201178 0008.64251
    000.874163 000.485515 -0.0107388 00016.2088
    00.0191329 -0.0123621 000.995852 000.847134
    0000000000 0000000000 0000000000 0000000001

local_box=-1.68234,3.0157,-1.38672,4.60143,2.07707,1.76192,0.0428377,
world_box=5.21789,16.2172,-0.603302,4.60143,2.07707,1.76192,-1.0212

-1.68234 3.0157 -1.38672 4.60143 2.07707 1.76192 0.0428377 0.90918 0
270bd44b-cd73-4c59-aa3f-b28fdf0848bb,6,0.500521,VEHICLE,CAR,-1.66299,3.01479,-1.29559,4.54871,2.05016,1.67416,0.0417186,0.90918,0,0