3.314978790283203125e+01 -2.519740295410156250e+01 -6.265779137611389160e-01 2.080203533172607422e+00 4.724772930145263672e+00 1.616340637207031250e+00 3.107771158218383789e+00 9.497911930084228516e-01 0.000000000000000000e+00
3.619119262695312500e+01 -2.381383132934570312e+01 -5.748090147972106934e-01 2.028089523315429688e+00 4.492115497589111328e+00 1.740152716636657715e+00 3.093076467514038086e+00 8.853067159652709961e-01 0.000000000000000000e+00
2.814940643310546875e+01 3.489907836914062500e+01 -1.013976693153381348e+00 2.180381059646606445e+00 4.786610126495361328e+00 1.924473047256469727e+00 -1.316554471850395203e-02 8.765609860420227051e-01 0.000000000000000000e+00
2.707279205322265625e+01 -2.662792968750000000e+01 -7.636185884475708008e-01 2.009261608123779297e+00 4.642309188842773438e+00 1.635469794273376465e+00 -4.514643177390098572e-02 7.566835880279541016e-01 0.000000000000000000e+00
3.169774627685546875e+01 3.451450347900390625e+01 -7.580392360687255859e-01 2.139019250869750977e+00 4.920694828033447266e+00 2.096394538879394531e+00 2.007121779024600983e-02 7.538837790489196777e-01 0.000000000000000000e+00
5.240255737304687500e+01 5.664009094238281250e+00 -6.783083677291870117e-01 2.261730909347534180e+00 5.181019783020019531e+00 2.037837028503417969e+00 1.417355775833129883e+00 7.181413173675537109e-01 0.000000000000000000e+00
6.039628601074218750e+01 -1.710255813598632812e+01 -4.359300136566162109e-01 2.134149074554443359e+00 4.741610527038574219e+00 1.779440045356750488e+00 -2.540721893310546875e-01 6.662117838859558105e-01 0.000000000000000000e+00
3.835468292236328125e+01 3.258985137939453125e+01 -7.628991603851318359e-01 2.240779638290405273e+00 5.139191627502441406e+00 2.114045858383178711e+00 3.115840911865234375e+00 6.570282578468322754e-01 0.000000000000000000e+00
-6.129470825195312500e+00 -1.058731079101562500e+01 -1.110048890113830566e+00 8.255810141563415527e-01 1.315228104591369629e+00 1.795767188072204590e+00 -1.569490551948547363e+00 6.550337076187133789e-01 1.000000000000000000e+00
6.571667480468750000e+01 1.046775817871093750e+01 -8.078217506408691406e-01 2.169497013092041016e+00 4.707419872283935547e+00 1.849102139472961426e+00 1.565197825431823730e+00 6.066775321960449219e-01 0.000000000000000000e+00
